input_scale: 0.003921568859368563
input_zero_point: -128
output_scale: 0.00390625
output_zero_point: -128
